0 0.8185096153846154 0.3665865384615385 0.2139423076923077 0.3004807692307693
0 0.4915865384615385 0.3401442307692308 0.28125 0.24278846153846156
0 0.6177884615384616 0.2043269230769231 0.3028846153846154 0.14903846153846154
0 0.7355769230769231 0.7415865384615385 0.27403846153846156 0.5120192307692308
0 0.8870192307692308 0.7091346153846154 0.22115384615384617 0.4182692307692308
0 0.1201923076923077 0.5024038461538461 0.2403846153846154 0.34134615384615385
0 0.21754807692307693 0.6875 0.19951923076923078 0.5673076923076923
0 0.3810096153846154 0.717548076923077 0.24278846153846156 0.5600961538461539
0 0.5072115384615384 0.65625 0.19230769230769232 0.4951923076923077
0 0.078125 0.9086538461538463 0.15625 0.17307692307692307
