0 0.18629807692307693 0.8810096153846154 0.23317307692307693 0.23317307692307693
0 0.2872596153846154 0.701923076923077 0.10817307692307693 0.3557692307692308
0 0.375 0.671875 0.09615384615384616 0.49278846153846156
0 0.45793269230769235 0.6598557692307693 0.10336538461538462 0.46875
0 0.5444711538461539 0.6682692307692308 0.0889423076923077 0.4567307692307693
0 0.6262019230769231 0.6382211538461539 0.15625 0.3966346153846154
0 0.7055288461538461 0.6141826923076923 0.18028846153846154 0.2764423076923077
0 0.7788461538461539 0.5757211538461539 0.25961538461538464 0.28125
0 0.8257211538461539 0.5012019230769231 0.2572115384615385 0.24759615384615385
0 0.12860576923076925 0.5745192307692308 0.24759615384615385 0.3028846153846154
0 0.1875 0.6225961538461539 0.19230769230769232 0.2884615384615385
0 0.5048076923076923 0.21754807692307693 0.9855769230769231 0.3870192307692308
