0 0.28365384615384615 0.6634615384615385 0.2403846153846154 0.6682692307692308
0 0.6478365384615385 0.7271634615384616 0.4399038461538462 0.5408653846153847
0 0.873798076923077 0.6730769230769231 0.24759615384615385 0.5913461538461539
0 0.655048076923077 0.4122596153846154 0.2764423076923077 0.40625
0 0.44591346153846156 0.33293269230769235 0.2956730769230769 0.28125
0 0.8064903846153847 0.2403846153846154 0.19951923076923078 0.25961538461538464
0 0.6370192307692308 0.11778846153846155 0.3317307692307693 0.16826923076923078
0 0.592548076923077 0.037259615384615384 0.28125 0.07451923076923077
0 0.1670673076923077 0.33774038461538464 0.2764423076923077 0.3629807692307693
0 0.0889423076923077 0.24399038461538464 0.1778846153846154 0.24278846153846156
0 0.2872596153846154 0.040865384615384616 0.22836538461538464 0.06730769230769232
0 0.28966346153846156 0.125 0.19951923076923078 0.13942307692307693
0 0.07211538461538462 0.08533653846153846 0.14423076923076925 0.12259615384615385
