0 0.16105769230769232 0.43149038461538464 0.09615384615384616 0.3870192307692308
0 0.27043269230769235 0.3870192307692308 0.10336538461538462 0.34134615384615385
0 0.48557692307692313 0.6310096153846154 0.32211538461538464 0.2716346153846154
0 0.3858173076923077 0.7668269230769231 0.4014423076923077 0.3076923076923077
0 0.6418269230769231 0.8653846153846154 0.5432692307692308 0.2644230769230769
0 0.8293269230769231 0.6310096153846154 0.33653846153846156 0.3341346153846154
0 0.5132211538461539 0.4555288461538462 0.30528846153846156 0.22355769230769232
0 0.6911057692307693 0.45432692307692313 0.2043269230769231 0.3557692307692308
0 0.9399038461538463 0.3762019230769231 0.11538461538461539 0.28605769230769235
0 0.6875 0.22836538461538464 0.10576923076923078 0.16826923076923078
0 0.6141826923076923 0.23317307692307693 0.12259615384615385 0.19230769230769232
0 0.5396634615384616 0.2776442307692308 0.09855769230769232 0.16586538461538464
0 0.4591346153846154 0.30528846153846156 0.09615384615384616 0.15384615384615385
0 0.375 0.2764423076923077 0.17307692307692307 0.13942307692307693
0 0.24399038461538464 0.1826923076923077 0.18509615384615385 0.14423076923076925
0 0.3966346153846154 0.1875 0.1778846153846154 0.11538461538461539
0 0.4951923076923077 0.15745192307692307 0.13461538461538464 0.09375
