0 0.6959134615384616 0.07211538461538462 0.12259615384615385 0.14423076923076925
0 0.4567307692307693 0.15625 0.2451923076923077 0.3125
0 0.19591346153846154 0.35336538461538464 0.37259615384615385 0.3942307692307693
0 0.24639423076923078 0.5372596153846154 0.49278846153846156 0.5168269230769231
0 0.5252403846153847 0.5721153846153847 0.31490384615384615 0.5336538461538461
0 0.6947115384615385 0.5817307692307693 0.32211538461538464 0.625
0 0.8689903846153847 0.608173076923077 0.21875 0.6730769230769231
0 0.296875 0.7872596153846154 0.3774038461538462 0.4206730769230769
0 0.47355769230769235 0.9074519230769231 0.33653846153846156 0.18028846153846154
0 0.7632211538461539 0.9326923076923077 0.2620192307692308 0.12980769230769232
